gene	A.hirsutus	A.altilis	A.heterophyllus
Arthir10007	0.02454	0.01615	0.01874
Arthir10020	0.01856	0.03114	0.01324
Arthir1010	0.03548	0.03168	0.02274
Arthir10124	0.04949	0.04509	0.01479
Arthir10129	0.01791	0.01980	0.01710
Arthir10130	0.02830	0.04003	0.01604
Arthir10140	0.02505	0.09277	0.01599
Arthir10266	0.02644	0.05012	0.03014
Arthir10567	0.12834	0.02246	0.03889
Arthir10589	0.02857	0.03194	0.05599
Arthir10636	0.01594	0.02718	0.21192
Arthir10655	0.02537	0.02031	0.03057
Arthir10662	0.03572	0.03568	0.03508
Arthir11327	0.02207	0.03160	0.03533
Arthir11393	0.02238	0.03818	0.02715
Arthir11410	0.01835	0.03191	0.02461
Arthir11435	0.01961	0.02449	0.12646
Arthir11458	0.02384	0.02614	0.01964
Arthir11472	0.01955	0.02524	0.02703
Arthir11503	0.05876	0.08618	0.03405
Arthir11507	0.13378	0.14326	0.09147
Arthir11554	0.00501	0.02521	0.03948
Arthir11594	0.23850	0.03359	0.03202
Arthir11621	0.03062	0.02685	0.07038
Arthir11656	0.02045	0.02695	0.02668
Arthir11676	0.02179	0.06416	0.03644
Arthir1167	0.02192	0.04087	0.02585
Arthir11697	0.04222	0.01536	0.04177
Arthir11725	0.04802	0.05016	0.05843
Arthir11754	0.09943	0.02633	0.03627
Arthir1188	0.06641	0.03475	0.01998
Arthir11920	0.02609	0.06785	0.02103
Arthir11978	0.02748	0.12284	0.02446
Arthir11983	0.03109	0.03370	0.03236
Arthir1199	0.04441	0.04168	0.07070
Arthir12022	0.04682	0.06459	0.70203
Arthir12033	0.04983	0.13954	0.15577
Arthir12039	0.02155	0.03111	0.03077
Arthir1208	0.01838	0.03397	0.04989
Arthir12105	0.12256	0.01607	0.02734
Arthir12125	0.01227	0.03835	0.03558
Arthir12132	0.04493	0.05143	0.02182
Arthir12144	0.03122	0.03313	0.02459
Arthir12151	0.06275	0.03433	0.01983
Arthir12155	0.06670	0.06309	0.03272
Arthir12200	0.01561	0.01821	0.01737
Arthir12210	0.04394	0.04426	0.03902
Arthir12254	0.02340	0.04667	0.06775
Arthir12257	0.03104	0.02111	0.02523
Arthir12269	0.02513	0.03977	0.02411
Arthir12285	0.14316	0.11954	0.05791
Arthir12361	0.08592	0.04823	0.03154
Arthir12498	0.29313	0.05194	0.06112
Arthir12510	0.02582	0.02236	0.02069
Arthir12545	0.02599	0.07797	0.02278
Arthir12546	0.02875	0.02639	0.02882
Arthir12575	0.03124	0.11245	0.19908
Arthir12576	0.01942	0.13454	0.02952
Arthir12601	0.15952	0.03618	0.03259
Arthir12633	0.01753	0.04345	0.07432
Arthir12644	0.03414	0.01099	0.00955
Arthir1269	0.05206	0.54495	0.16183
Arthir12705	0.06914	0.09104	0.05013
Arthir12731	0.09908	0.03348	0.02995
Arthir12758	0.01516	0.04412	0.04296
Arthir1275	0.02757	0.03191	0.03320
Arthir12770	0.02209	0.03363	0.03848
Arthir12775	0.01635	0.01930	0.02611
Arthir12792	0.01799	0.03336	0.02848
Arthir12809	0.01688	0.01626	0.00000
Arthir12810	0.02498	0.02467	0.02541
Arthir12824	0.16074	0.04053	0.04233
Arthir1285	0.19899	0.01861	0.03921
Arthir12895	0.01476	0.02917	0.05531
Arthir12901	0.03484	0.03548	0.03565
Arthir12916	0.02261	0.02894	0.02325
Arthir12955	0.02945	0.04894	0.04181
Arthir12989	0.00593	0.02937	0.02395
Arthir13011	0.14175	0.02960	0.02419
Arthir13027	0.07508	0.02009	0.01945
Arthir13046	0.06788	0.04181	0.02192
Arthir13060	0.03085	0.04054	0.02883
Arthir13062	0.01867	0.05208	0.02516
Arthir1308	0.02163	0.05230	0.02679
Arthir1310	0.02453	0.01845	0.02859
Arthir13138	0.02013	0.02562	0.01703
Arthir13152	0.03299	0.06525	0.02594
Arthir13170	0.01927	0.02743	0.01794
Arthir13188	0.03033	0.02344	0.04571
Arthir13215	0.08729	0.02775	0.03088
Arthir13282	0.01853	0.01592	0.02782
Arthir13309	0.01633	0.01054	0.01197
Arthir13329	0.01454	0.02293	0.02385
Arthir13331	0.01930	0.15760	0.03567
Arthir13348	0.01942	0.01944	0.02343
Arthir13358	0.03053	0.02418	0.03353
Arthir13416	0.04307	0.04403	0.03831
Arthir1343	0.07044	0.04002	0.04446
Arthir13443	0.05179	0.02841	0.03307
Arthir13445	0.01993	0.03999	0.02961
Arthir13473	0.07268	0.07032	0.03920
Arthir13507	0.04840	0.02790	0.04231
Arthir13530	0.02113	0.02008	0.02099
Arthir13559	0.03736	0.02666	0.02064
Arthir13574	0.04398	0.03817	0.02731
Arthir13621	0.01208	0.01625	0.02372
Arthir1362	0.04799	0.05652	0.04098
Arthir13633	0.03980	0.08570	0.03159
Arthir13644	0.02255	0.04478	0.02105
Arthir13675	0.03276	0.04957	0.03559
Arthir13690	0.02683	0.03979	0.03757
Arthir13724	0.04210	0.02681	0.02850
Arthir13739	0.04538	0.03294	0.03594
Arthir13782	0.01704	0.03190	0.02580
Arthir13789	0.02955	0.04393	0.04087
Arthir13854	0.01101	0.12546	0.20862
Arthir13862	0.04914	0.05033	0.02570
Arthir13884	0.02812	0.04478	0.03000
Arthir13922	0.05089	0.04410	0.23847
Arthir13946	0.03766	0.06828	0.02884
Arthir1395	0.02526	0.02040	0.01777
Arthir13995	0.02631	0.04404	0.03349
Arthir14022	0.04087	0.03819	0.02047
Arthir14062	0.03697	0.02567	0.01442
Arthir14072	0.02791	0.04081	0.07057
Arthir1407	0.04041	0.05424	0.03287
Arthir14083	0.12435	0.01129	0.01154
Arthir14101	0.01714	0.03679	0.02013
Arthir14108	0.03159	0.01446	0.02586
Arthir1417	0.02593	0.03537	0.03375
Arthir14217	0.02261	0.02050	0.02297
Arthir14219	0.02421	0.02305	0.03310
Arthir14223	0.01967	0.03201	0.09978
Arthir14263	0.02809	0.02315	0.03958
Arthir14285	0.07204	0.21769	0.02598
Arthir14343	0.02435	0.04639	0.04546
Arthir14349	0.03684	0.04113	0.04831
Arthir14403	0.01021	0.02506	0.03820
Arthir14469	0.04710	0.03467	0.05687
Arthir14500	0.02180	0.04828	0.14847
Arthir14558	0.01763	0.03795	0.01710
Arthir14603	0.10219	0.03198	0.03515
Arthir14617	0.01711	0.02688	0.01474
Arthir14673	0.04151	0.03213	0.05681
Arthir14726	0.18885	0.02865	0.11284
Arthir14768	0.06268	0.03601	0.04756
Arthir1477	0.01678	0.02428	0.03431
Arthir14799	0.03016	0.05644	0.03250
Arthir1482	0.03044	0.05171	0.03133
Arthir14841	0.01857	0.04867	0.03786
Arthir14867	0.02357	0.03296	0.02616
Arthir14929	0.02623	0.05945	0.06527
Arthir14935	0.03508	0.03232	0.02601
Arthir14942	0.01224	0.02450	0.00000
Arthir14978	0.05198	0.02835	0.02739
Arthir15041	0.03091	0.01856	0.04633
Arthir15119	0.03642	0.02903	0.01768
Arthir15120	0.03451	0.03175	0.03949
Arthir15140	0.02610	0.07094	0.13615
Arthir1515	0.03648	0.03151	0.03126
Arthir15160	0.02801	0.02768	0.05970
Arthir15186	0.01569	0.04308	0.02864
Arthir15235	0.03567	0.06473	0.03868
Arthir15288	0.00517	0.03155	0.01578
Arthir15292	0.13933	0.02510	0.02990
Arthir1537	0.02474	0.07144	0.04989
Arthir15381	0.03150	0.02889	0.01918
Arthir15412	0.02043	0.01996	0.02174
Arthir15415	0.02005	0.02415	0.02154
Arthir1542	0.02146	0.01820	0.02847
Arthir15444	0.04265	0.05509	0.05851
Arthir15449	0.04144	0.04007	0.02601
Arthir15474	0.02504	0.02422	0.02830
Arthir15493	0.07434	0.15193	0.25039
Arthir1554	0.04311	0.06584	0.03762
Arthir15575	0.03620	0.07887	0.03114
Arthir15584	0.00000	0.01138	0.02502
Arthir155	0.19735	0.06119	0.02382
Arthir15608	0.11487	0.12844	0.02140
Arthir15620	0.19784	0.03653	0.03781
Arthir1562	0.02923	0.03241	0.11495
Arthir15667	0.02585	0.05200	0.03569
Arthir15700	0.01468	0.15830	0.03842
Arthir15701	0.03105	0.02364	0.05662
Arthir15717	0.02007	0.02308	0.01849
Arthir15757	0.01943	0.04272	0.02370
Arthir15817	0.05362	0.05139	0.03362
Arthir15830	0.05532	0.02008	0.03546
Arthir15831	0.02125	0.01592	0.01048
Arthir15871	0.02529	0.03693	0.03185
Arthir15885	4.10878	1.44887	2.30036
Arthir1588	0.02765	0.04783	0.02900
Arthir15934	0.07239	0.04862	0.03933
Arthir15940	0.02982	0.02452	0.02059
Arthir15993	0.20359	0.02596	0.04484
Arthir16047	0.07545	0.03221	0.04029
Arthir16100	0.02671	0.09431	0.02147
Arthir16102	0.02140	0.02613	0.01875
Arthir16154	0.02885	0.04289	0.02858
Arthir16156	0.01151	0.02098	0.03044
Arthir16174	0.00000	0.21795	0.04406
Arthir16188	0.02560	0.02988	0.02270
Arthir16219	0.01994	0.02158	0.02097
Arthir16224	0.06037	0.02852	0.03314
Arthir16230	0.03122	0.03360	0.00996
Arthir16243	0.06408	0.04423	0.01966
Arthir16264	0.03682	0.06073	0.02408
Arthir16291	0.04431	0.04824	0.03463
Arthir1630	0.04675	0.22244	0.01179
Arthir16325	0.15313	0.02661	0.02921
Arthir16364	0.02083	0.02047	0.03347
Arthir16368	0.02856	0.01904	0.02005
Arthir1638	0.02584	0.02713	0.02234
Arthir16393	0.03764	0.05566	0.02458
Arthir16418	0.01320	0.05062	0.02831
Arthir1644	0.02339	0.04056	0.11650
Arthir16461	0.05849	0.06436	0.03512
Arthir16467	0.04963	0.02875	0.03483
Arthir16486	0.02420	0.02015	0.02412
Arthir16552	0.18137	0.04089	0.02837
Arthir16554	0.12202	0.06229	0.02184
Arthir1656	0.03465	0.05035	0.03216
Arthir1657	0.02751	0.04709	0.04134
Arthir16599	0.00701	0.01852	0.02832
Arthir16657	0.03039	0.04080	0.15196
Arthir16700	0.02584	0.04515	0.03107
Arthir16705	0.02781	0.02991	0.03971
Arthir16725	0.05362	0.04000	0.04045
Arthir16726	0.02593	0.01985	0.02556
Arthir16727	0.02252	0.03230	0.02035
Arthir16734	0.01717	0.05400	0.01804
Arthir16786	0.01662	0.03468	0.02508
Arthir16787	0.00000	0.11020	0.21219
Arthir16791	0.02741	0.03197	0.03197
Arthir16805	0.02121	0.02694	0.02055
Arthir16834	0.13024	0.03314	0.02434
Arthir16854	0.01683	0.01466	0.01998
Arthir16865	0.02148	0.04061	0.02989
Arthir16898	0.03323	0.03848	0.03234
Arthir168	0.01952	0.04254	0.02146
Arthir16906	0.03070	0.03169	0.01495
Arthir16917	0.02293	0.03119	0.03802
Arthir16937	0.05771	0.01806	0.05685
Arthir1697	0.06534	0.11910	0.02639
Arthir17068	0.02652	0.02314	0.02477
Arthir1706	0.03434	0.03900	0.02154
Arthir17132	0.09142	0.01565	0.19970
Arthir17169	0.02017	0.03359	0.04408
Arthir17213	0.02198	0.03087	0.02595
Arthir17296	0.03571	0.04380	0.04147
Arthir17470	0.01070	0.03310	0.02360
Arthir17729	0.05408	0.17667	0.03012
Arthir17840	0.16894	0.06871	0.07376
Arthir1786	0.02832	0.04739	0.04077
Arthir17878	0.01911	0.03795	0.02959
Arthir18054	0.04703	0.03360	0.02818
Arthir18101	0.03311	0.02876	0.04686
Arthir18156	0.02854	0.02112	0.02902
Arthir18205	0.04403	0.04758	0.23757
Arthir18208	0.03279	0.02717	0.02366
Arthir18289	0.01663	0.02391	0.02698
Arthir18295	0.02477	0.02932	0.03328
Arthir18313	0.02715	0.03548	0.02248
Arthir18336	0.02483	0.02174	0.03363
Arthir18377	0.05652	0.02563	0.02289
Arthir18420	0.04998	0.03464	0.02956
Arthir18453	0.00764	0.03654	0.02127
Arthir1848	0.04439	0.04198	0.04965
Arthir18493	0.02955	0.02217	0.01866
Arthir18540	0.03074	0.03810	0.04790
Arthir18576	0.01532	0.03968	0.05011
Arthir18585	0.02937	0.03664	0.01951
Arthir1859	0.04573	0.11423	0.16443
Arthir18618	0.03869	0.08210	0.02847
Arthir18623	0.02459	0.02762	0.03424
Arthir18640	0.03292	0.66277	0.01968
Arthir18641	0.02191	0.03889	0.03379
Arthir18644	0.02350	0.03691	0.02853
Arthir18661	0.02862	0.03948	0.03535
Arthir18682	0.02393	0.02890	0.02936
Arthir18719	0.02734	0.02674	0.02836
Arthir18720	0.10791	0.01322	0.01633
Arthir1879	0.01913	0.02793	0.04486
Arthir18800	0.03924	0.05078	0.02417
Arthir18806	0.02175	0.03387	0.03058
Arthir18825	0.01127	0.02598	0.03881
Arthir1882	0.01203	0.02476	0.03087
Arthir18836	0.02894	0.02651	0.01610
Arthir18842	0.02630	0.02768	0.01102
Arthir18843	0.02250	0.02680	0.01727
Arthir18914	0.02510	0.02643	0.04359
Arthir18965	0.01780	0.03305	0.02584
Arthir18979	0.02644	0.02922	0.01752
Arthir19004	0.03951	0.03792	0.02516
Arthir19083	0.02186	0.02783	0.01661
Arthir19177	0.04237	0.04566	0.06147
Arthir19186	0.02808	0.04422	0.01453
Arthir19240	0.01867	0.10277	0.02804
Arthir19271	0.06212	0.02278	0.03244
Arthir19323	0.01943	0.02197	0.02226
Arthir19326	0.00755	0.04410	0.02922
Arthir19351	0.01132	0.11244	0.02880
Arthir19387	0.02130	0.04147	0.03260
Arthir19396	0.04291	0.03985	0.02560
Arthir19399	0.00000	0.14327	0.05097
Arthir193	0.07847	0.02029	0.01633
Arthir19406	0.03126	0.01364	0.02760
Arthir19448	0.02734	0.01356	0.02415
Arthir1945	0.02305	0.02547	0.02155
Arthir19470	0.12034	0.05643	0.05237
Arthir19474	0.03878	0.02524	0.00969
Arthir19501	0.01758	0.02740	0.02377
Arthir1951	0.00956	0.02073	0.02573
Arthir19526	0.01618	0.01879	0.02668
Arthir19570	0.03729	0.07132	0.02340
Arthir19594	0.01933	0.02741	0.02390
Arthir19639	0.03307	0.03761	0.05523
Arthir19655	0.03074	0.04373	0.03356
Arthir19686	0.03181	0.01515	0.01008
Arthir19699	0.06012	0.24894	0.05638
Arthir1970	0.02133	0.07565	0.04571
Arthir19711	0.07450	0.03057	0.02224
Arthir19756	0.04206	0.05797	0.04247
Arthir19769	0.02579	0.02794	0.03877
Arthir19810	0.00371	0.02332	0.00992
Arthir19874	0.01994	0.03414	0.04117
Arthir19892	0.01507	0.03255	0.01809
Arthir1993	0.01885	0.03536	0.03222
Arthir19941	0.05148	0.04393	0.05329
Arthir19942	0.07480	0.46571	0.11713
Arthir19961	0.01775	0.02392	0.02652
Arthir19963	0.02646	0.02296	0.04772
Arthir19974	0.06777	0.05199	0.03110
Arthir19975	0.01273	0.03412	0.02522
Arthir19989	0.02695	0.02708	0.02256
Arthir2002	0.08938	0.11080	0.09702
Arthir20077	0.05767	0.03901	0.03115
Arthir20190	0.06969	0.03305	0.04251
Arthir20291	0.04034	0.03479	0.02281
Arthir20309	0.01799	0.02259	0.02226
Arthir2033	0.02230	0.03505	0.04637
Arthir20341	0.02699	0.03200	0.03216
Arthir20413	0.02793	0.03719	0.03174
Arthir20459	0.03347	0.02095	0.03072
Arthir20465	0.01900	0.02770	0.02069
Arthir2047	0.04314	0.05049	0.02493
Arthir20484	0.04936	0.02565	0.02140
Arthir2048	0.08753	0.02578	0.09249
Arthir20497	0.00996	0.02017	0.00313
Arthir20515	0.01678	0.01953	0.22106
Arthir20536	0.02779	0.02148	0.01955
Arthir20551	0.02997	0.05914	0.02490
Arthir2055	0.11199	0.06283	0.03275
Arthir20601	0.07263	0.32278	0.01383
Arthir20620	0.04733	0.04587	0.04460
Arthir20649	0.02119	0.02466	0.01614
Arthir20651	0.02485	0.04099	0.02472
Arthir20677	0.01683	0.01576	0.02598
Arthir2073	0.01664	0.02089	0.01701
Arthir2082	0.03254	0.25030	0.13429
Arthir20832	0.02452	0.03999	0.02205
Arthir20839	0.02447	0.02113	0.03567
Arthir20894	0.04763	0.03945	0.04527
Arthir20927	0.02401	0.01692	0.03266
Arthir20938	0.03315	0.02535	0.02943
Arthir20946	0.02853	0.04719	0.02869
Arthir20971	0.02216	0.01259	0.02257
Arthir21073	0.11649	0.02597	0.03247
Arthir21076	0.06457	0.03187	0.05703
Arthir21146	0.01792	0.02421	0.02024
Arthir21158	0.03933	0.04351	0.02930
Arthir21199	0.03526	0.04677	0.07500
Arthir21244	0.01462	0.02369	0.00439
Arthir21304	0.01527	0.03381	0.03343
Arthir21308	0.04851	0.04632	0.03407
Arthir21309	0.04282	0.02181	0.04581
Arthir21364	0.02204	0.05626	0.04104
Arthir21397	0.09248	0.02354	0.01090
Arthir21407	0.03597	0.03357	0.02916
Arthir21424	0.01131	0.03264	0.02043
Arthir21443	0.09787	0.09564	0.03610
Arthir21510	0.06276	0.06834	0.02307
Arthir21522	0.01796	0.04158	0.02637
Arthir21577	0.03588	0.03395	0.02143
Arthir21586	0.04252	0.05058	0.03717
Arthir21627	0.03200	0.04395	0.02986
Arthir21673	0.04204	0.03181	0.03914
Arthir21766	0.03994	0.05206	0.02284
Arthir21809	0.01642	0.02842	0.04853
Arthir21831	0.03431	0.03499	0.05468
Arthir21856	0.01429	0.03936	0.01329
Arthir21862	0.02347	0.02425	0.02894
Arthir21866	0.03040	0.02628	0.01603
Arthir21887	0.03234	0.01525	0.03206
Arthir21906	0.01404	0.02328	0.01668
Arthir22055	0.03084	0.07056	0.03173
Arthir22070	0.02460	0.02583	0.03011
Arthir22091	0.12331	0.02432	0.03557
Arthir22104	0.11541	0.01120	0.11852
Arthir22128	0.02353	0.03259	0.01888
Arthir22131	0.03584	0.05107	0.02849
Arthir22134	0.02233	0.02279	0.03158
Arthir2213	0.03775	0.03749	0.04130
Arthir22161	0.02191	0.02281	0.04666
Arthir22189	0.17467	0.03517	0.01224
Arthir22202	0.02186	0.03245	0.04742
Arthir22211	0.02447	0.04330	0.02391
Arthir22233	0.02327	0.03206	0.05964
Arthir22236	0.01835	0.02241	0.04589
Arthir22238	0.05115	0.01396	0.02839
Arthir22263	0.19717	0.04626	0.04430
Arthir22283	0.02026	0.03872	0.02269
Arthir2234	0.03982	0.03250	0.06219
Arthir22386	0.01426	0.06070	0.03139
Arthir2238	0.02939	0.01542	0.02997
Arthir22490	0.11996	0.01832	0.05044
Arthir22525	0.02919	0.04082	0.02543
Arthir22528	0.03234	0.02515	0.03381
Arthir2253	0.01859	0.04803	0.02855
Arthir22562	0.01674	0.04122	0.03725
Arthir22563	0.03158	0.05103	0.03428
Arthir225	0.02613	0.29443	0.02689
Arthir22628	0.04209	0.24875	0.06888
Arthir22636	0.03343	0.01836	0.01859
Arthir22665	0.03633	0.06485	0.01917
Arthir22727	0.12675	0.07847	0.08277
Arthir22734	0.01528	0.03117	0.02088
Arthir22752	0.01493	0.01637	0.15997
Arthir22786	0.08078	0.02223	0.01767
Arthir22788	0.16821	0.03194	0.02012
Arthir22812	0.04466	0.02944	0.03813
Arthir22813	0.00567	0.03264	0.03410
Arthir22828	0.05607	0.12006	0.01870
Arthir22869	0.04770	0.07465	0.03439
Arthir22918	0.12810	0.00761	0.13018
Arthir2292	0.04716	0.05443	0.03414
Arthir22954	0.01929	0.03008	0.02197
Arthir2296	0.03774	0.02606	0.03456
Arthir22974	0.01638	0.02636	0.28651
Arthir23002	0.06927	0.02574	0.02032
Arthir23019	0.02733	0.02677	0.03999
Arthir23043	0.08062	0.03393	0.08739
Arthir23054	0.04028	0.03879	0.04527
Arthir23174	0.01430	0.02496	0.03080
Arthir23237	0.17771	1.54502	1.74433
Arthir23239	0.02015	0.03019	0.02845
Arthir23248	0.09369	0.03201	0.03402
Arthir23275	0.02961	0.04341	0.02700
Arthir23343	0.02375	0.03364	0.02556
Arthir23541	0.04948	0.04922	0.04359
Arthir23736	0.04537	0.05295	0.03428
Arthir23755	0.09575	0.14573	0.02356
Arthir23905	0.03142	0.02593	0.01422
Arthir24162	0.03077	0.03163	0.04585
Arthir24166	0.10633	0.03204	0.02683
Arthir24171	0.02237	0.05089	0.03948
Arthir2419	0.06412	0.02829	0.02699
Arthir24232	0.10186	0.12638	0.01567
Arthir24245	0.02673	0.02688	0.05214
Arthir24262	0.04146	0.02435	0.08726
Arthir2431	0.03547	0.04654	0.03492
Arthir2434	0.04536	0.02854	0.01814
Arthir24430	0.02546	0.03275	0.45291
Arthir24451	0.01241	0.07021	0.02493
Arthir24457	0.03042	0.03226	0.02645
Arthir24477	0.00675	0.02032	0.00807
Arthir24510	0.02386	0.03629	0.05282
Arthir24535	0.06465	0.04768	0.04631
Arthir24543	0.04412	0.02510	0.03892
Arthir24548	0.01103	0.02822	0.30405
Arthir24580	0.01981	0.02791	0.01292
Arthir24585	0.04494	0.02762	0.03125
Arthir24590	0.02727	0.02649	0.04150
Arthir24602	0.02999	0.03420	0.04046
Arthir24626	0.03694	0.02729	0.03174
Arthir2465	0.01160	0.04347	0.04136
Arthir24689	0.02256	0.04827	0.04561
Arthir24731	0.01828	0.02856	0.04377
Arthir24755	0.07395	0.18717	0.08862
Arthir24757	0.02969	0.02155	0.03188
Arthir24783	0.01362	0.02738	0.00000
Arthir24795	0.00652	0.03388	0.43956
Arthir24807	0.01768	0.05816	0.06558
Arthir24855	0.01197	0.02028	0.02557
Arthir2486	0.01556	0.03280	0.04201
Arthir24917	0.03992	0.04048	0.02225
Arthir24954	0.10493	0.04016	0.02797
Arthir25044	0.02667	0.03070	0.02899
Arthir25118	0.01518	0.01038	0.02062
Arthir25130	0.03306	0.03458	0.02688
Arthir25143	0.07299	0.02247	0.04133
Arthir25169	0.06399	0.05244	0.03718
Arthir25196	0.02221	0.04444	0.00920
Arthir25201	0.03615	0.17684	0.06692
Arthir25250	0.03163	0.02898	0.01946
Arthir25316	0.02335	0.02019	0.01895
Arthir25320	0.03383	0.03860	0.01477
Arthir25328	0.03397	0.04556	0.03179
Arthir25344	0.03295	0.02423	0.03234
Arthir25359	0.02289	0.02844	0.01602
Arthir25432	0.03332	0.03941	0.05710
Arthir2546	0.01154	0.02937	0.03306
Arthir25482	0.01157	0.02636	0.01171
Arthir25490	0.03360	0.02787	0.02291
Arthir25492	0.03519	0.03871	0.02731
Arthir25504	0.01932	0.01984	0.02114
Arthir25565	0.02918	0.04971	0.01996
Arthir2556	0.11000	0.11844	0.06333
Arthir25597	0.04046	0.05199	0.04051
Arthir25612	0.02081	0.04248	0.02156
Arthir25614	0.01965	0.02892	0.08086
Arthir25651	0.02857	0.03195	0.03021
Arthir25665	0.02302	0.02324	0.02069
Arthir25667	0.13315	0.23639	0.07549
Arthir25685	0.01314	0.01437	0.02324
Arthir25687	0.02277	0.03233	0.04823
Arthir2568	0.02217	0.04014	0.10399
Arthir2569	0.04011	0.17655	0.01672
Arthir25703	0.04481	0.03777	0.04394
Arthir25708	0.02872	0.01255	0.03949
Arthir25716	0.03340	0.06427	0.08006
Arthir2572	0.15548	0.26232	0.07494
Arthir2573	0.03900	0.03064	0.06625
Arthir25778	0.02371	0.04273	0.02480
Arthir25784	0.26337	0.05906	0.09110
Arthir25812	0.06002	0.03462	0.02901
Arthir25864	0.02361	0.03653	0.01557
Arthir25865	0.02942	0.04060	0.04928
Arthir25874	0.14869	0.02824	0.01592
Arthir25957	0.05655	0.01975	0.02976
Arthir26000	0.01082	0.26421	0.01465
Arthir26015	0.02132	0.03119	0.02519
Arthir26033	0.01068	0.03276	0.03305
Arthir26078	0.10345	0.01080	0.02078
Arthir26213	0.02358	0.04562	0.10727
Arthir26268	0.10712	0.12038	0.03538
Arthir26287	0.02872	0.02982	0.02984
Arthir2629	0.01636	0.03210	0.03601
Arthir262	0.03040	0.03121	0.03019
Arthir26365	0.11123	0.03192	0.04606
Arthir26404	0.01647	0.10733	0.02385
Arthir26428	0.01431	0.29785	0.01000
Arthir26474	0.01609	0.03410	0.01463
Arthir26497	0.01754	0.03946	0.04319
Arthir264	0.03693	0.01622	0.05001
Arthir26513	0.04693	0.04885	0.03765
Arthir26524	0.02142	0.02953	0.01813
Arthir26583	0.02634	0.03909	0.01837
Arthir26586	0.02116	0.02677	0.01963
Arthir26598	0.06017	0.02550	0.04353
Arthir26670	0.04315	0.03479	0.02040
Arthir2667	0.02173	0.10504	0.02983
Arthir26683	0.07666	0.06312	0.03517
Arthir26691	0.06138	0.53661	0.03794
Arthir26708	0.01039	0.05517	0.02963
Arthir26720	0.03490	0.03232	0.02849
Arthir2683	0.03901	0.04404	0.03604
Arthir26840	0.02347	0.02530	0.01676
Arthir26848	0.04248	0.02706	0.03622
Arthir2684	0.03580	0.03571	0.02057
Arthir26907	0.03060	0.03735	0.01350
Arthir26967	0.05079	0.04084	0.04593
Arthir26990	0.02327	0.04238	0.03949
Arthir27032	0.02883	0.02933	0.03112
Arthir27051	0.00000	0.01324	0.02203
Arthir2705	0.02007	0.03564	0.03982
Arthir2708	0.06002	0.05526	0.07033
Arthir27108	0.03605	0.04580	0.04540
Arthir27131	0.02466	0.01836	0.02325
Arthir27147	0.01630	0.05069	0.03698
Arthir27148	0.02252	0.02059	0.02654
Arthir27166	0.01514	0.03602	0.02127
Arthir27170	0.03622	0.02899	0.02172
Arthir27175	0.05816	0.05048	0.03159
Arthir27176	0.02385	0.03645	0.05583
Arthir27179	0.12749	0.12250	0.03826
Arthir27180	0.01824	0.03060	0.05579
Arthir27214	0.01500	0.13257	0.05367
Arthir27218	0.01007	0.02032	0.00947
Arthir27245	0.02003	0.09258	0.02367
Arthir27270	0.02218	0.02898	0.03372
Arthir27278	0.02697	0.03156	0.03089
Arthir27341	0.02018	0.02791	0.02495
Arthir27347	0.13178	0.08634	0.03915
Arthir27361	0.02066	0.03857	0.03401
Arthir27365	0.01728	0.01091	0.01743
Arthir27415	0.01672	0.02192	0.01245
Arthir27444	0.01921	0.02085	0.03359
Arthir27446	0.03389	0.03373	0.03111
Arthir27465	0.02354	0.02829	0.03318
Arthir2749	0.00774	0.02098	0.03303
Arthir27548	0.06283	0.07111	0.00000
Arthir27590	0.02497	0.04303	0.01024
Arthir27601	0.01102	0.02232	0.02199
Arthir27608	0.01924	0.03042	0.02371
Arthir2762	0.02688	0.05610	0.04617
Arthir27634	0.04514	0.03162	0.03241
Arthir27637	0.05853	0.03020	0.02816
Arthir27695	0.04580	0.02436	0.06137
Arthir276	0.04102	0.04895	0.55125
Arthir27727	0.02106	0.02978	0.02126
Arthir27747	0.03155	0.03079	0.02138
Arthir27783	0.07468	0.05595	0.04660
Arthir27818	0.01986	0.03956	0.44418
Arthir2785	0.04687	0.00000	0.00346
Arthir27879	0.08010	0.02519	0.03388
Arthir27923	0.05551	0.08161	0.05201
Arthir28050	0.04097	0.03100	0.05307
Arthir28052	0.02439	0.03757	0.01055
Arthir28065	0.01149	0.01936	0.00664
Arthir28077	0.01662	0.04161	0.06523
Arthir28083	0.02367	0.03955	0.04330
Arthir28084	0.01866	0.05682	0.02527
Arthir28097	0.02144	0.12960	0.11455
Arthir28133	0.01436	0.01831	0.05555
Arthir28149	0.02422	0.02664	0.01932
Arthir28151	0.04034	0.03354	0.01577
Arthir28152	0.09653	0.07115	0.03041
Arthir28159	0.02749	0.03882	0.03523
Arthir28184	0.04431	0.03851	0.03537
Arthir28199	0.02670	0.04662	0.03941
Arthir28210	0.02054	0.04471	0.02612
Arthir28305	0.02698	0.03168	0.02985
Arthir28325	0.02742	0.02447	0.04018
Arthir28339	0.03069	0.04035	0.04849
Arthir28356	0.01921	0.03673	0.10792
Arthir28387	0.02365	0.02648	0.03506
Arthir28494	0.03711	0.01742	0.06535
Arthir28524	0.02609	0.04171	0.02129
Arthir28532	0.06183	0.05204	0.04541
Arthir28541	0.23294	0.02708	0.04583
Arthir28543	0.01664	0.04364	0.04901
Arthir28544	0.01342	0.01683	0.02079
Arthir28551	0.41491	0.12967	0.12704
Arthir28554	0.02499	0.02528	0.01942
Arthir28614	0.12205	0.01456	0.02526
Arthir28656	0.02108	0.03870	0.01746
Arthir28741	0.02118	0.03000	0.01549
Arthir28744	0.04902	0.05623	0.02538
Arthir28969	0.02053	0.03801	0.02808
Arthir29195	0.04572	0.03935	0.03094
Arthir29328	0.02000	0.04283	0.03057
Arthir29349	0.01493	0.02157	0.02487
Arthir29451	0.02642	0.04383	0.02619
Arthir29463	0.06587	0.01766	0.06418
Arthir29464	0.03659	0.03269	0.02960
Arthir29474	0.04333	0.04607	0.03407
Arthir29485	0.02087	0.03190	0.03105
Arthir29500	0.05108	0.03483	0.02742
Arthir29552	0.22937	0.00575	0.01721
Arthir29597	0.02271	0.04266	0.02381
Arthir29668	0.05121	0.07962	0.01611
Arthir29796	0.02754	0.03991	0.02753
Arthir29823	0.04270	0.03099	0.02688
Arthir29833	0.03094	0.03672	0.03437
Arthir29836	0.10085	0.03897	0.03010
Arthir30023	0.02326	0.04843	0.03228
Arthir30041	0.03937	0.05787	0.02512
Arthir30054	0.02212	0.03582	0.03863
Arthir30057	0.05971	0.07839	0.02154
Arthir30084	0.10609	0.01676	0.02879
Arthir300	0.03873	0.02564	0.04485
Arthir30103	0.04306	0.01532	0.04687
Arthir30141	0.03097	0.02596	0.00000
Arthir30159	0.01865	0.04123	0.03651
Arthir30176	0.03584	0.03920	0.03706
Arthir30188	0.04250	0.01930	0.01556
Arthir3019	0.24721	0.04287	0.05090
Arthir30212	0.01619	0.02786	0.02232
Arthir3021	0.01593	0.02807	0.03037
Arthir30220	0.04204	0.04942	0.04204
Arthir30223	0.09963	0.02791	0.02426
Arthir30228	0.02062	0.03637	0.03463
Arthir30247	0.01999	0.02229	0.02893
Arthir30263	0.03825	0.22261	0.02745
Arthir30268	0.02227	0.04084	0.02517
Arthir30272	0.02802	0.03255	0.02616
Arthir30273	0.02433	0.04923	0.02244
Arthir30306	0.01355	0.07362	0.03976
Arthir30307	0.01845	0.06654	0.03306
Arthir30329	0.00797	0.03151	0.03191
Arthir30336	0.02426	0.02992	0.02733
Arthir30344	0.02403	0.03917	0.02133
Arthir30358	0.03103	0.02837	0.02359
Arthir30416	0.01885	0.02681	0.02460
Arthir30422	0.02558	0.02057	0.09435
Arthir30498	0.05774	0.03915	0.02504
Arthir3054	0.01898	0.02623	0.02610
Arthir30575	0.02383	0.01858	0.03452
Arthir30576	0.01547	0.02675	0.02507
Arthir30587	0.01572	0.02347	0.03491
Arthir30602	0.02818	0.02347	0.03309
Arthir30708	0.02418	0.02486	0.07397
Arthir30709	0.07713	0.07255	0.03400
Arthir30780	0.05759	0.01864	0.01881
Arthir30852	0.11394	0.07654	0.07353
Arthir30857	0.02988	0.02214	0.02034
Arthir30876	0.02825	0.02426	0.02661
Arthir30894	0.02652	0.02204	0.02075
Arthir30904	0.03122	0.02441	0.01001
Arthir30909	0.04875	0.07163	0.05038
Arthir30912	0.02236	0.02505	0.02690
Arthir30925	0.02853	0.03430	0.01817
Arthir30955	0.02472	0.03620	0.02486
Arthir30978	0.04964	0.03668	0.06718
Arthir31034	0.04619	0.02929	0.29651
Arthir31064	0.05809	0.05077	0.10879
Arthir31066	0.08222	0.10911	0.01395
Arthir31074	0.02872	0.00731	0.04439
Arthir31075	0.03968	0.02764	0.19404
Arthir31096	0.03784	0.04646	0.04557
Arthir31142	0.02469	0.04060	0.00863
Arthir31143	0.03205	0.02966	0.03689
Arthir31163	0.05457	0.03053	0.02490
Arthir31178	0.03565	0.01941	0.27080
Arthir3118	0.03484	0.03476	0.03448
Arthir31192	0.02671	0.03587	0.02974
Arthir3119	0.02967	0.02714	0.02953
Arthir31203	0.02424	0.02269	0.02800
Arthir31248	0.01481	0.33641	0.02073
Arthir3127	0.01555	0.07264	0.02001
Arthir31284	0.01303	0.02079	0.01959
Arthir31288	0.05491	0.04467	0.02731
Arthir31346	0.02985	0.03292	0.02478
Arthir31347	0.04824	0.04883	0.05617
Arthir31364	0.03692	0.07289	0.10663
Arthir31373	0.05773	0.08344	0.03029
Arthir31391	0.02188	0.04886	0.03721
Arthir313	0.01284	0.04408	0.04095
Arthir3142	0.02574	0.02195	0.00705
Arthir31464	0.02193	0.02669	0.01835
Arthir31465	0.14101	0.04717	0.02562
Arthir31486	0.01462	0.08899	0.14272
Arthir31495	0.10396	0.02841	0.02313
Arthir31504	0.03179	0.02627	0.06912
Arthir31522	0.07501	0.04561	0.01839
Arthir31532	0.01909	0.02067	0.02571
Arthir31605	0.03025	0.21447	0.02673
Arthir31644	0.11486	0.05534	0.07443
Arthir31645	0.01395	0.02762	0.04180
Arthir31658	0.03791	0.02907	0.05235
Arthir31663	0.03013	0.34357	0.02879
Arthir31680	0.03306	0.03211	0.03371
Arthir31683	0.09114	0.02374	0.03158
Arthir31719	0.03994	0.04913	0.03882
Arthir31720	0.02092	0.04637	0.03232
Arthir31769	0.01366	0.03198	0.04994
Arthir31777	0.05656	0.03300	0.02152
Arthir31780	0.02889	0.03797	0.02006
Arthir31787	0.02934	0.03008	0.01383
Arthir31790	0.02897	0.04934	0.04213
Arthir31798	0.02049	0.02123	0.03190
Arthir3180	0.06211	0.04657	0.06594
Arthir31810	0.08174	0.66490	0.16797
Arthir31812	0.01961	0.02795	0.03096
Arthir31817	0.02441	0.02983	0.01630
Arthir3182	0.02838	0.04388	0.05436
Arthir31853	0.02686	0.04130	0.03760
Arthir31864	0.03065	0.20000	0.02551
Arthir3190	0.07061	0.02673	0.11900
Arthir31932	0.02414	0.02657	0.03107
Arthir31933	0.02301	0.02639	0.01348
Arthir31934	0.01280	0.01396	0.02716
Arthir31939	0.02204	0.02631	0.03096
Arthir31942	0.02539	0.02962	0.02354
Arthir3194	0.07481	0.03846	0.03170
Arthir31950	0.02562	0.03750	0.06208
Arthir31976	0.01633	0.02985	0.02832
Arthir31989	0.02086	0.02398	0.00784
Arthir32046	0.05546	0.05076	0.05437
Arthir32095	0.02205	0.06628	0.19699
Arthir32103	0.03539	0.02847	0.04583
Arthir32109	0.15273	0.05991	0.03713
Arthir32135	0.02385	0.04601	0.05376
Arthir32160	0.04147	0.05349	0.06537
Arthir32187	0.03336	0.06704	0.06686
Arthir32196	0.00610	0.01081	0.02574
Arthir32229	0.04221	0.03896	0.01912
Arthir32240	0.02327	0.02161	0.02235
Arthir32271	0.01921	0.02792	0.02879
Arthir32284	0.05681	0.06618	0.00000
Arthir32311	0.01620	0.02242	0.01377
Arthir32312	0.02692	0.01887	0.02066
Arthir32333	0.01655	0.01882	0.01868
Arthir3233	0.05126	0.03667	0.03090
Arthir32362	0.02999	0.02799	0.04565
Arthir32380	0.07595	0.03539	0.11153
Arthir32402	0.50373	0.03596	0.02964
Arthir32459	0.01807	0.04565	0.08853
Arthir32486	0.01838	0.24747	0.03379
Arthir32501	0.02054	0.03734	0.03626
Arthir32502	0.09395	0.05676	0.05610
Arthir32546	0.04395	0.08480	0.04674
Arthir32572	0.02104	0.01867	0.01294
Arthir3258	0.04099	0.03401	0.03442
Arthir32597	0.02213	0.04801	0.02336
Arthir32609	0.02320	0.04106	0.01654
Arthir32619	0.03601	0.04968	0.01486
Arthir32637	0.02600	0.03620	0.08241
Arthir32652	0.02534	0.03707	0.03360
Arthir32659	0.02737	0.01968	0.03317
Arthir32743	0.03202	0.03103	0.02691
Arthir32776	0.01780	0.01966	0.02955
Arthir32814	0.02729	0.02935	0.02502
Arthir32932	0.01723	0.04022	0.02231
Arthir32969	0.02227	0.02019	0.01770
Arthir32995	0.03843	0.01968	0.03119
Arthir33037	0.17590	0.04525	0.04570
Arthir33039	0.02079	0.01663	0.01982
Arthir33080	0.03070	0.09592	0.02049
Arthir3309	0.02775	0.02843	0.01989
Arthir33108	0.10114	0.04754	0.01550
Arthir33113	0.03148	0.02399	0.03091
Arthir33133	0.05509	0.03501	0.03786
Arthir33134	0.00891	0.03548	0.01940
Arthir33135	0.02801	0.08233	0.02257
Arthir33156	0.02716	0.03445	0.05288
Arthir33204	0.13960	0.02770	0.02160
Arthir33225	0.05219	0.13129	0.23647
Arthir33233	0.01819	0.03850	0.02628
Arthir33240	0.02020	0.03265	0.02683
Arthir3324	0.05786	0.08997	0.45618
Arthir33252	0.01473	0.01586	0.02840
Arthir33261	0.02635	0.03110	0.03303
Arthir33284	0.03721	0.05631	0.02732
Arthir33325	0.02804	0.01813	0.06727
Arthir33336	0.04337	0.08638	0.03374
Arthir3335	0.02948	0.04457	0.07411
Arthir33361	0.03071	0.01952	0.01920
Arthir33379	0.02053	0.02419	0.00909
Arthir33403	0.02068	0.01401	0.02806
Arthir33425	0.01614	0.02855	0.01892
Arthir33431	0.01837	0.03741	0.01853
Arthir33536	0.03941	0.03337	0.06140
Arthir33552	0.04171	0.03542	0.03161
Arthir33553	0.02736	0.02574	0.04355
Arthir33622	0.00000	0.04211	0.15220
Arthir33625	0.02290	0.02706	0.02441
Arthir33626	0.06979	0.03405	0.02689
Arthir33629	0.03373	0.03833	0.05911
Arthir33652	0.02600	0.02560	0.02562
Arthir33731	0.09897	0.01764	0.02367
Arthir33743	0.02408	0.03289	0.02505
Arthir33770	0.02631	0.01887	0.02672
Arthir33791	0.04435	0.03982	0.01488
Arthir33852	0.03957	0.04023	0.04007
Arthir33857	0.01658	0.03265	0.01440
Arthir33870	0.05410	0.03609	0.06769
Arthir33871	0.03481	0.01497	0.02654
Arthir33880	0.07212	0.06143	0.07375
Arthir33939	0.05757	0.12139	0.04397
Arthir33947	0.02290	0.02642	0.02599
Arthir33948	0.01648	0.02747	0.04277
Arthir33967	0.04865	0.11035	0.13246
Arthir33974	0.03685	0.05960	0.21103
Arthir33975	0.05508	0.70691	0.02939
Arthir34010	0.04175	0.12498	0.03555
Arthir34019	0.04318	0.04428	0.13410
Arthir34039	0.02284	0.02670	0.02471
Arthir34040	0.02749	0.02984	0.01640
Arthir34048	0.02779	0.04352	0.01809
Arthir34070	0.02258	0.03199	0.01492
Arthir34132	0.04675	0.03358	0.01635
Arthir3420	0.02122	0.03042	0.02745
Arthir34291	0.02135	0.02626	0.04629
Arthir34324	0.04569	0.03549	0.08737
Arthir3436	0.02448	0.03014	0.03546
Arthir34400	0.03134	0.03611	0.04425
Arthir34456	0.02548	0.03496	0.02824
Arthir34480	0.02379	0.02122	0.02840
Arthir34557	0.02371	0.02565	0.03470
Arthir34656	0.03531	0.04323	0.03173
Arthir3470	0.03079	0.03564	0.02930
Arthir34718	0.03058	0.01947	0.00964
Arthir34738	0.24516	0.00159	0.02288
Arthir34743	0.03263	0.03421	0.01930
Arthir34756	0.08813	0.02514	0.03889
Arthir34766	0.04372	0.03350	0.04454
Arthir34769	0.04714	0.03681	0.08657
Arthir34780	0.04636	0.03918	0.00500
Arthir34811	0.10389	0.02721	0.02079
Arthir34821	0.46110	0.06667	0.21591
Arthir34833	0.02262	0.03136	0.02321
Arthir34879	0.00614	0.04089	0.01623
Arthir3487	0.02184	0.02117	0.02743
Arthir34882	0.02069	0.02367	0.01587
Arthir34884	0.05995	0.09001	0.07688
Arthir34894	0.02264	0.03976	0.01654
Arthir34935	0.02295	0.03253	0.01282
Arthir34958	0.02515	0.02566	0.02755
Arthir34970	0.04484	0.05450	0.06086
Arthir35058	0.02168	0.03006	0.03418
Arthir35147	0.03925	0.12357	0.07693
Arthir35274	0.01200	0.02774	0.01926
Arthir35296	0.03535	0.04258	0.04881
Arthir35305	0.02843	1.10278	0.02527
Arthir35332	0.02885	0.06432	0.02549
Arthir35350	0.01631	0.07752	0.02462
Arthir35353	0.02204	0.02819	0.04654
Arthir3535	0.00000	0.02082	0.00687
Arthir35384	0.04513	0.03054	0.03883
Arthir35418	0.06874	0.09778	0.02758
Arthir35470	0.01034	0.03131	0.02842
Arthir35493	0.03121	0.04693	0.02921
Arthir35517	0.04435	0.02235	0.01116
Arthir35601	0.15715	0.03249	0.02138
Arthir35665	0.04567	0.05377	0.05167
Arthir35675	0.02001	0.02469	0.03710
Arthir35697	0.02170	0.02417	0.19781
Arthir35706	0.03711	0.02158	0.04613
Arthir35713	0.03011	0.02412	0.04281
Arthir35776	0.02420	0.02438	0.04320
Arthir35814	0.02920	0.02732	0.02966
Arthir35825	0.02401	0.02562	0.03321
Arthir35861	0.01403	0.03149	0.03819
Arthir35911	0.06890	0.06982	0.04571
Arthir35918	0.02038	0.02601	0.02416
Arthir35953	0.01711	0.03455	0.02849
Arthir35966	0.02409	0.01792	0.02302
Arthir35973	0.02890	0.12228	0.02103
Arthir36024	0.00932	0.02158	0.08180
Arthir36075	0.03060	0.09730	0.05734
Arthir36133	0.03484	0.04125	0.04735
Arthir36136	0.04576	0.05514	0.04265
Arthir36227	0.12564	0.04642	0.11591
Arthir36230	0.03139	0.04673	0.02590
Arthir36265	0.00732	0.09209	0.01714
Arthir36287	0.02940	0.03531	0.10208
Arthir36309	0.01471	0.01816	0.01801
Arthir36319	0.03638	0.04486	0.03774
Arthir36341	0.02036	0.03324	0.13097
Arthir36419	0.02314	0.06272	0.01891
Arthir36422	0.03290	0.06121	0.03202
Arthir36426	0.00914	0.03638	0.02856
Arthir36440	0.13838	0.02337	0.02451
Arthir36459	0.15829	0.01653	0.01229
Arthir36466	0.09407	0.05026	0.10256
Arthir36485	0.24004	0.02841	0.05931
Arthir36500	0.04952	0.03322	0.02619
Arthir36504	0.02993	0.03974	0.02933
Arthir36526	0.01893	0.02148	0.02939
Arthir36548	0.01852	0.03046	0.11537
Arthir36556	0.05756	0.02621	0.02304
Arthir36604	0.01392	0.02829	0.01438
Arthir36611	0.02918	0.06407	0.01682
Arthir36641	0.07491	0.01730	0.02274
Arthir36649	0.03963	0.04038	0.06162
Arthir36651	0.02584	0.01686	0.02421
Arthir3667	0.09693	0.02325	0.30254
Arthir36696	0.01857	0.02213	0.01758
Arthir36711	0.04954	0.06714	0.03171
Arthir36714	0.21379	0.05893	0.11535
Arthir36718	0.01838	0.09795	0.25882
Arthir36750	0.04279	0.03724	0.04140
Arthir36833	0.03323	0.02771	0.04203
Arthir36857	0.02167	0.02047	0.02750
Arthir36877	0.01005	0.03300	0.05799
Arthir36882	0.03213	0.03033	0.03714
Arthir36884	0.04671	0.04671	0.07063
Arthir36959	0.04680	0.03101	0.03077
Arthir36985	0.01912	0.02475	0.02193
Arthir36986	0.01964	0.02339	0.01387
Arthir37007	0.02516	0.02865	0.01662
Arthir37064	0.02297	0.03533	0.01158
Arthir37090	0.03573	0.02427	0.05397
Arthir37105	0.02106	0.01587	0.01148
Arthir37115	0.03400	0.02871	0.02762
Arthir37129	0.02381	0.01989	0.03345
Arthir37146	0.01458	0.14384	0.02613
Arthir37147	0.02725	0.02594	0.03082
Arthir37158	0.04577	0.58641	0.06854
Arthir37192	0.01427	0.01072	0.03064
Arthir37199	0.03998	0.03370	0.03790
Arthir37200	0.06697	0.01275	0.02318
Arthir37201	0.10968	0.40228	0.10220
Arthir37208	0.02103	0.02048	0.03403
Arthir3727	0.03429	0.06068	0.06211
Arthir37291	0.02710	0.04985	0.03177
Arthir3730	0.02456	0.02772	0.02680
Arthir37318	0.02452	0.03918	0.03148
Arthir37359	0.01469	0.03402	0.03390
Arthir37381	0.03197	0.02376	0.01551
Arthir37478	0.02070	0.03306	0.01888
Arthir3748	0.03601	0.04015	0.04672
Arthir37577	0.01626	0.11098	0.01172
Arthir37603	0.03469	0.02697	0.03050
Arthir37614	0.06057	0.17262	0.01100
Arthir3761	0.02064	0.02680	0.03517
Arthir37626	0.01513	0.14287	0.03161
Arthir37646	0.03800	0.03425	0.02197
Arthir37661	0.04657	0.05606	0.04321
Arthir37728	0.12485	0.03751	0.01322
Arthir37742	0.02982	0.04564	0.48768
Arthir37763	0.04478	0.01981	0.02285
Arthir37769	0.03003	0.04766	0.02555
Arthir37779	0.07814	0.03303	0.04345
Arthir37780	0.01679	0.02975	0.02613
Arthir3781	0.03245	0.04485	0.03738
Arthir37845	0.01829	0.03063	0.28580
Arthir37854	0.01970	0.03136	0.04277
Arthir37896	0.02872	0.00001	0.02996
Arthir37897	0.28881	0.10178	0.16533
Arthir37950	0.05914	0.05461	0.02529
Arthir37960	0.14631	0.07232	0.08165
Arthir37969	0.03491	0.04012	0.03638
Arthir37990	0.48697	0.06101	0.15134
Arthir37998	0.07563	0.07178	0.06847
Arthir38014	0.03423	0.11451	0.01670
Arthir38043	0.02794	0.04752	0.03761
Arthir38069	0.03112	0.04126	0.03372
Arthir38082	0.13391	0.04681	0.04379
Arthir38084	0.02817	0.02948	0.02041
Arthir38125	0.00888	0.06217	0.02898
Arthir3812	0.17016	0.10400	0.19737
Arthir38135	0.01859	0.10100	0.01782
Arthir38172	0.03745	0.02549	0.01902
Arthir38212	0.01873	0.05472	0.03272
Arthir38218	0.02610	0.04426	0.21014
Arthir38271	0.04294	0.02980	0.03283
Arthir38276	0.03074	0.03433	0.02399
Arthir38326	0.04620	0.02230	0.06823
Arthir38329	0.03773	0.04170	0.13682
Arthir38340	0.02027	0.03990	0.03364
Arthir38352	0.01805	0.03953	0.01982
Arthir38354	0.02103	0.03969	0.01578
Arthir38357	0.02550	0.03610	0.04607
Arthir38358	0.02864	0.01910	0.04052
Arthir38381	0.02313	0.02220	0.02046
Arthir38383	0.01121	0.02803	0.01829
Arthir38385	0.01765	0.02474	0.07205
Arthir38413	0.02615	0.03690	0.02896
Arthir38431	0.01070	0.03043	0.03244
Arthir38438	0.01432	0.02819	0.02654
Arthir38449	0.02801	0.03386	0.02262
Arthir38481	0.03527	0.05087	0.04670
Arthir38528	0.02545	0.04462	0.03502
Arthir38531	0.07469	0.03175	0.04941
Arthir3854	0.00971	0.04656	0.04582
Arthir38552	0.01933	0.04252	0.03814
Arthir38554	0.02187	0.01924	0.01742
Arthir38599	0.01085	0.03193	0.03098
Arthir38627	0.03820	0.06601	0.03260
Arthir38632	0.05003	0.06655	0.04571
Arthir38636	0.01640	0.03322	0.02816
Arthir38661	0.00347	0.07750	0.01792
Arthir38714	0.02810	0.03130	0.02805
Arthir38720	0.04943	0.04450	0.00932
Arthir38755	0.02216	0.02830	0.02011
Arthir38781	0.02899	0.03320	0.01532
Arthir38797	0.03833	0.05660	0.03603
Arthir38875	0.03241	0.04280	0.04911
Arthir3892	0.03306	0.02092	0.02145
Arthir38995	0.05389	0.03322	0.15285
Arthir39109	0.02558	0.04659	0.01981
Arthir39122	0.02763	0.03175	0.03146
Arthir39173	0.02158	0.02385	0.02106
Arthir39214	0.02639	0.02826	0.02314
Arthir39257	0.04224	0.03787	0.02498
Arthir39266	0.03953	0.02278	0.02514
Arthir39273	0.01859	0.10342	0.03205
Arthir39275	0.11110	0.04468	0.03393
Arthir39329	0.04816	0.02545	0.04285
Arthir39372	0.06097	0.03546	0.03536
Arthir39403	0.06376	0.11403	0.04024
Arthir3943	0.01810	0.02101	0.02720
Arthir39440	0.07775	0.03259	0.01937
Arthir39468	0.02096	0.03683	0.03926
Arthir39498	0.04261	0.03237	0.03279
Arthir39504	0.02066	0.02212	0.02577
Arthir39509	0.02376	0.03728	0.04910
Arthir39553	0.01541	0.03955	0.02768
Arthir39592	0.01892	0.02186	0.02347
Arthir39632	0.06878	0.01922	0.02922
Arthir39640	0.03462	0.03930	0.05135
Arthir39739	0.02302	0.03041	0.03205
Arthir39801	0.02847	0.04552	0.01945
Arthir39806	0.01663	0.02479	0.02481
Arthir39833	0.15376	0.06114	0.01577
Arthir39880	0.02754	0.03562	0.04000
Arthir39882	0.04433	0.01832	0.02658
Arthir39893	0.04097	0.02758	0.02174
Arthir39991	0.02464	0.03698	0.03802
Arthir3	0.04113	0.05524	0.19825
Arthir40007	0.01790	0.01085	0.03363
Arthir40053	0.00953	0.11749	0.05751
Arthir40054	0.25605	0.24329	0.00000
Arthir40083	0.03357	0.02014	0.05684
Arthir40098	0.01368	0.02781	0.03030
Arthir40152	0.02627	0.05471	0.03599
Arthir40153	0.01662	0.04925	0.02624
Arthir40154	0.03355	0.02713	0.01976
Arthir40159	0.03680	0.03278	0.03594
Arthir40162	0.02896	0.02270	0.02256
Arthir40163	0.04150	0.04154	0.04171
Arthir4022	0.04764	0.02459	0.04231
Arthir40243	0.02119	0.03326	0.03921
Arthir4025	0.10384	1.89255	0.88064
Arthir40292	0.08061	0.06494	0.05019
Arthir40304	0.02779	0.03513	0.02202
Arthir40470	0.03675	0.06252	0.01889
Arthir40502	0.01454	0.01467	0.02129
Arthir40586	0.03002	0.04766	0.05863
Arthir40592	0.02983	0.03032	0.03611
Arthir40599	0.03679	0.02884	0.06938
Arthir40650	0.03298	0.03743	0.02292
Arthir40689	0.02005	0.04922	0.06867
Arthir40700	0.02225	0.04268	0.03773
Arthir40707	0.03771	0.05216	0.05917
Arthir40714	0.03240	0.05671	0.03342
Arthir40716	0.03771	0.04420	0.04642
Arthir40760	0.03673	0.03409	0.03703
Arthir40775	0.04314	0.03235	0.13359
Arthir40818	0.02274	0.04165	0.03591
Arthir40832	0.03724	0.03888	0.02834
Arthir40833	0.03327	0.06907	0.03533
Arthir40851	0.05478	0.03471	0.03963
Arthir40860	0.06347	0.03477	0.02872
Arthir41001	0.02079	0.02654	0.03932
Arthir41073	0.05388	0.03263	0.04387
Arthir41134	0.01902	0.02930	0.02413
Arthir41136	0.05338	0.07837	0.04315
Arthir41172	0.11958	0.03256	0.03000
Arthir41188	0.02633	0.04254	0.03116
Arthir41190	0.02235	0.03067	0.02338
Arthir41213	0.03828	0.06926	0.02531
Arthir41237	0.02054	0.02724	0.03163
Arthir41238	0.02421	0.03331	0.02522
Arthir41260	0.03112	0.01937	0.01858
Arthir41278	0.05336	0.03232	0.02063
Arthir41279	0.55576	0.10322	0.10265
Arthir41333	0.01945	0.01714	0.01666
Arthir41383	0.04637	0.03184	0.03528
Arthir4138	0.02292	0.03492	0.02387
Arthir41397	0.10561	0.02490	0.02644
Arthir41402	0.49389	0.32347	0.13152
Arthir41466	0.02975	0.02114	0.02177
Arthir41482	0.03742	0.05727	0.04474
Arthir41520	0.01360	0.02210	0.03537
Arthir41523	0.02470	0.03660	0.02067
Arthir41574	0.02446	0.04251	0.03266
Arthir41584	0.01957	0.04506	0.04523
Arthir41585	0.02336	0.11523	0.12382
Arthir4159	0.03128	0.01737	0.02110
Arthir41607	0.03387	0.05748	0.04115
Arthir41626	0.00794	0.03219	0.04092
Arthir4162	0.03173	0.02632	0.02933
Arthir41642	0.03332	0.02922	0.03206
Arthir41672	0.03010	0.02471	0.03891
Arthir41689	0.10110	0.03901	0.04085
Arthir41720	0.01688	0.02535	0.01401
Arthir41749	0.03880	0.05133	0.08205
Arthir41863	0.02220	0.03951	0.02441
Arthir41880	0.00356	0.02322	0.07101
Arthir4188	0.03353	0.02035	0.02090
Arthir41925	0.02857	0.03077	0.02826
Arthir41981	0.05622	0.05936	0.20563
Arthir42005	0.02430	0.04115	0.03834
Arthir42010	0.05330	0.05337	0.05903
Arthir42020	0.02660	0.03228	0.03748
Arthir42025	0.02687	0.04079	0.04651
Arthir42043	0.02991	0.02591	0.01788
Arthir42072	0.01567	0.02198	0.01919
Arthir42082	0.03149	0.03511	0.04530
Arthir42093	0.08474	0.15988	0.07956
Arthir42115	0.02396	0.03035	0.01807
Arthir42166	0.03572	0.03105	0.03857
Arthir42187	0.04043	0.05178	0.09939
Arthir42188	0.02996	0.02309	0.01807
Arthir42198	0.03518	0.05448	0.02034
Arthir42200	0.04829	0.04585	0.04406
Arthir42243	0.12800	0.02635	0.02909
Arthir42251	0.02978	0.03714	0.02221
Arthir42255	0.02430	0.02544	0.01869
Arthir42306	0.02410	0.06054	0.03355
Arthir42316	0.04624	0.05205	0.06033
Arthir42356	0.02197	0.02091	0.02175
Arthir42385	0.03554	0.03544	0.02667
Arthir42454	0.16642	0.05746	0.04667
Arthir42508	0.02641	0.04163	0.04398
Arthir42517	0.03326	0.04405	0.02149
Arthir4252	0.01506	0.02192	0.09083
Arthir4253	0.12115	0.03266	0.02247
Arthir42545	0.09003	0.03034	0.02364
Arthir42574	0.02410	0.01409	0.00552
Arthir42593	0.01855	0.02223	0.02666
Arthir42596	0.02946	0.01581	0.01715
Arthir42628	0.03847	0.05908	0.03383
Arthir42640	0.20555	0.29567	0.88172
Arthir42656	0.00956	0.01979	0.04389
Arthir42697	0.02999	0.03146	0.02577
Arthir42709	0.02834	0.04144	0.01427
Arthir42728	0.01611	0.02941	0.01946
Arthir42747	0.03364	0.02492	0.03334
Arthir4274	0.03725	0.05325	0.03325
Arthir42779	0.04432	0.05870	0.01525
Arthir42815	0.03243	0.02975	0.01906
Arthir42873	0.03129	0.03442	0.01904
Arthir42878	0.00927	0.02644	0.02694
Arthir42896	0.02514	0.02178	0.02165
Arthir42897	0.02041	0.00812	0.03031
Arthir42910	0.01629	0.02118	0.02003
Arthir42950	0.03671	0.01751	0.04033
Arthir43001	0.01331	0.02379	0.02788
Arthir43056	0.02671	0.02334	0.03573
Arthir43057	0.02050	0.03470	0.02486
Arthir4306	0.01385	0.05710	0.03195
Arthir43120	0.02829	0.04832	0.01296
Arthir43144	0.02982	0.03078	0.07310
Arthir43177	0.04023	0.05090	0.04491
Arthir43186	0.01953	0.33859	0.02885
Arthir43219	0.05472	0.04487	0.04640
Arthir43266	0.01526	0.02219	0.01772
Arthir43276	0.02889	0.02739	2.59304
Arthir43286	0.02936	0.03377	0.02991
Arthir43299	0.02800	0.02892	0.02483
Arthir43310	0.02927	0.02623	0.02878
Arthir43332	0.03548	0.02601	0.04218
Arthir43345	0.04539	0.03781	0.01911
Arthir43363	0.03278	0.03780	0.03072
Arthir43399	0.02159	0.03590	0.02910
Arthir43415	0.01726	0.02367	0.01548
Arthir43435	0.01573	0.02399	0.01546
Arthir43464	0.02378	0.03928	0.02966
Arthir43465	0.06915	0.04529	0.01522
Arthir43472	0.02670	0.03711	0.01241
Arthir43493	0.01687	0.02383	0.04871
Arthir43559	0.02046	0.03074	0.01808
Arthir43561	0.04428	0.95742	0.02736
Arthir43575	0.02030	0.40658	0.08115
Arthir43636	0.02351	0.03798	0.03235
Arthir43660	0.02100	0.02964	0.02432
Arthir43684	0.02783	0.02573	0.02744
Arthir43699	0.01625	0.02882	0.02952
Arthir43703	0.05010	0.02648	0.02231
Arthir43717	0.03433	0.01868	0.02592
Arthir43725	0.08734	0.01719	0.01086
Arthir43733	0.02248	0.02222	0.02109
Arthir43738	0.11921	0.06147	0.02248
Arthir43916	0.01834	0.02454	0.02349
Arthir4399	0.02451	0.03842	0.01415
Arthir44025	0.02498	0.03188	0.02140
Arthir44082	0.02544	0.03343	0.01656
Arthir44092	0.07569	0.06868	0.01535
Arthir4409	0.03824	0.06094	0.05196
Arthir44128	0.02122	0.02969	0.02161
Arthir44139	0.03172	0.02200	0.01944
Arthir44154	0.04994	0.03277	0.01897
Arthir44173	0.01427	0.02544	0.01629
Arthir44231	0.01644	0.02198	0.01809
Arthir44267	0.01700	0.02585	0.03542
Arthir44290	0.04287	0.03952	0.05280
Arthir44294	0.00776	0.01949	0.02319
Arthir4429	0.03005	0.05850	0.03316
Arthir4431	0.03716	0.03871	0.04635
Arthir44322	0.03098	0.07013	0.02006
Arthir44357	0.03383	0.09006	0.02879
Arthir44372	0.04430	0.06845	0.01694
Arthir44394	0.02403	0.03670	0.02015
Arthir4442	0.02829	0.03130	0.04597
Arthir44448	0.03665	0.03970	0.03619
Arthir44453	0.01924	0.21036	0.04385
Arthir44477	0.02807	0.00716	0.02224
Arthir44499	0.15381	0.02739	0.03687
Arthir44513	0.13331	0.01757	0.03578
Arthir44515	0.00000	0.06199	0.02641
Arthir4453	0.02779	0.01959	0.03224
Arthir44593	0.02782	0.03646	0.03111
Arthir44600	0.06891	0.08333	0.03769
Arthir44641	0.02974	0.20002	0.04099
Arthir44693	0.01868	0.03133	0.02100
Arthir44717	0.02878	0.05823	0.00000
Arthir44849	0.01809	0.02239	0.02729
Arthir44883	0.00578	0.03547	0.00640
Arthir44958	0.00000	0.20482	0.00000
Arthir44960	0.04452	0.02293	0.03565
Arthir44964	0.14557	0.01485	0.15411
Arthir44995	0.01726	0.03346	0.02456
Arthir45015	0.03312	0.02573	0.03203
Arthir45020	0.02320	0.02479	0.03856
Arthir4508	0.02516	0.05763	0.03003
Arthir45102	0.03307	0.01867	0.03511
Arthir45120	0.74360	0.17063	0.04686
Arthir45141	0.01867	0.03638	0.02726
Arthir45151	0.25398	0.01648	0.00912
Arthir45182	0.04902	0.04230	0.07553
Arthir45185	0.06754	0.27838	0.04184
Arthir45208	0.00793	0.07728	0.02591
Arthir45314	0.03202	0.04220	0.05818
Arthir45336	0.03991	0.17979	0.05858
Arthir45366	0.05254	0.11342	0.05965
Arthir45469	0.01724	0.02383	0.02265
Arthir45587	0.04625	0.03904	0.03638
Arthir4560	0.01165	0.02596	0.03244
Arthir45622	0.03060	0.03866	0.03751
Arthir45636	0.02676	0.02896	0.03036
Arthir45664	0.02397	0.02565	0.02034
Arthir45678	0.01909	0.02918	0.02613
Arthir45683	0.02635	0.03476	0.05422
Arthir45692	0.02728	0.03273	0.01893
Arthir45709	0.02661	0.02961	0.03961
Arthir45720	0.04875	0.02530	0.01804
Arthir45780	0.02432	0.04092	0.00723
Arthir45796	0.03075	0.01878	0.02234
Arthir45835	0.02995	0.04355	0.02217
Arthir45838	0.07519	0.01778	0.01533
Arthir45841	0.02450	0.02942	0.03574
Arthir45893	0.02974	0.05128	0.02932
Arthir45898	0.02562	0.02396	0.02779
Arthir45923	0.05330	0.02615	0.02403
Arthir45964	0.01611	0.04688	0.03331
Arthir45965	0.03119	0.02624	0.02217
Arthir46134	0.04991	0.03412	0.04096
Arthir46143	0.02245	0.02806	0.00873
Arthir46169	0.04468	0.01877	0.01773
Arthir46170	0.04022	0.04079	0.04354
Arthir46186	0.01981	0.04179	0.03513
Arthir46188	0.04174	0.03363	0.05789
Arthir46252	0.05127	0.02547	0.02162
Arthir4629	0.02850	0.01428	0.02559
Arthir4673	0.01649	0.02704	0.01917
Arthir4694	0.02077	0.02975	0.03358
Arthir473	0.01752	0.04204	0.01525
Arthir4749	0.01225	0.03172	0.02539
Arthir4763	0.02171	0.05288	0.02957
Arthir4768	0.02931	0.03554	0.03937
Arthir4781	0.02385	0.03724	0.03359
Arthir4786	0.03674	0.05642	0.00872
Arthir4793	0.03076	0.02841	0.03788
Arthir479	0.07361	0.04511	0.02051
Arthir484	0.02584	0.03448	0.02389
Arthir488	0.02827	0.03956	0.04709
Arthir4914	0.03937	0.03474	0.03202
Arthir4917	0.08985	0.05341	0.04684
Arthir5010	0.01805	0.01989	0.01433
Arthir5041	0.01348	0.02833	0.02715
Arthir5052	0.01750	0.03990	0.15199
Arthir5097	0.02365	0.02183	0.02022
Arthir5100	0.02902	0.02666	0.03952
Arthir5143	0.02443	0.04138	0.04117
Arthir5152	0.02228	0.01668	0.02509
Arthir5154	0.01582	0.00680	0.01749
Arthir5183	0.03327	0.06352	0.08752
Arthir5190	0.01719	0.02606	0.02471
Arthir519	0.03146	0.04462	0.04098
Arthir5205	0.01828	0.02210	0.02895
Arthir5219	0.03045	0.02452	0.02367
Arthir5257	0.02702	0.02428	0.01286
Arthir5267	0.09512	0.14332	0.09083
Arthir5276	0.01142	0.03962	0.02995
Arthir5280	0.01802	0.02771	0.04126
Arthir5308	0.04010	0.02611	0.02276
Arthir5325	0.03248	0.06228	0.01497
Arthir5326	0.03638	0.05146	0.02566
Arthir5333	0.02549	0.02538	0.05390
Arthir5342	0.02841	0.03082	0.02518
Arthir5344	0.00861	0.02597	0.00890
Arthir5380	0.01847	0.02311	0.01537
Arthir5421	0.01863	0.04416	0.06241
Arthir5428	0.13163	0.02692	0.01861
Arthir5430	0.02447	0.02978	0.04782
Arthir5433	0.02015	0.03151	0.01335
Arthir5455	0.02694	0.02619	0.00032
Arthir5462	0.28470	0.04106	0.03853
Arthir5523	0.01948	0.03367	0.03111
Arthir5524	0.01908	0.01623	0.01159
Arthir5530	0.02647	0.03259	0.03255
Arthir5548	0.14478	0.03231	0.03609
Arthir5587	0.00843	0.05640	0.00000
Arthir5690	0.00752	0.01453	0.01760
Arthir5708	0.03050	0.04551	0.02732
Arthir5730	0.02174	0.05231	0.02872
Arthir5739	0.04899	0.03069	0.02405
Arthir5759	0.02296	0.04221	0.01316
Arthir5766	0.39769	0.42772	0.02635
Arthir5776	0.03957	0.02951	0.01220
Arthir5800	0.06889	0.20538	0.06862
Arthir5818	0.03419	0.04944	0.01999
Arthir5819	0.04456	0.05652	0.05914
Arthir5902	0.04777	0.02380	0.02901
Arthir5936	0.02535	0.04225	0.03000
Arthir5964	0.13591	0.02435	0.04651
Arthir5965	0.02296	0.02245	0.00564
Arthir6065	0.03160	0.04198	0.05225
Arthir6113	0.02649	0.03503	0.04487
Arthir6185	0.01112	0.02437	0.01354
Arthir6214	0.11184	0.04966	0.11155
Arthir6285	0.06580	0.04251	0.02593
Arthir6335	0.03086	0.03055	0.02561
Arthir6349	0.02022	0.02736	0.02435
Arthir6373	0.02314	0.03961	0.02999
Arthir6383	0.02860	0.03235	0.03599
Arthir6441	0.01224	0.01905	0.02579
Arthir649	0.03597	0.05776	0.04044
Arthir6515	0.02348	0.03037	0.03396
Arthir6548	0.02363	0.02732	0.02193
Arthir6552	0.02241	0.01071	0.02222
Arthir6556	0.02884	0.02507	0.02202
Arthir6596	0.05663	0.04017	0.04279
Arthir6606	0.02740	0.03205	0.03248
Arthir6625	0.02232	0.01365	0.10159
Arthir6656	0.05484	0.07632	0.04197
Arthir6658	0.02061	0.02031	0.03045
Arthir6674	0.07328	0.09936	0.01661
Arthir6747	0.03435	0.04355	0.03521
Arthir6753	0.30054	0.02817	0.02587
Arthir6775	0.03078	0.02586	0.02465
Arthir6776	0.04444	0.08011	0.21135
Arthir6785	0.05503	0.05578	0.05055
Arthir6795	0.02921	0.03315	0.03221
Arthir6798	0.03595	0.02456	0.06240
Arthir6821	0.25265	0.04283	0.00623
Arthir6838	0.01347	0.03002	0.02490
Arthir6869	0.14057	0.02165	0.02248
Arthir6906	0.02737	0.02146	0.01334
Arthir690	0.17446	0.04557	0.04049
Arthir6948	0.03449	0.04936	0.04026
Arthir6954	0.03748	0.03014	0.03381
Arthir6972	0.02397	0.03827	0.05096
Arthir7034	0.03587	0.03962	0.02463
Arthir7104	0.02640	0.05278	0.14987
Arthir718	0.02873	0.04596	0.01153
Arthir7201	0.03781	0.04433	0.03094
Arthir7203	0.01900	0.02962	0.04251
Arthir7212	0.03163	0.01513	0.07456
Arthir7222	0.04937	0.03163	0.12745
Arthir7246	0.01968	0.03304	0.02677
Arthir7249	0.09568	0.00688	0.05434
Arthir7314	0.01889	0.03776	0.02750
Arthir741	0.03817	0.05205	0.02697
Arthir7438	0.18256	0.03659	0.03337
Arthir7439	0.04597	0.04011	0.03678
Arthir7462	0.01439	0.02018	0.04953
Arthir7522	0.02627	0.02253	0.02214
Arthir7554	0.06315	0.01457	0.02573
Arthir7566	0.07329	0.06923	0.08706
Arthir7571	0.04645	0.04055	0.02980
Arthir7604	0.03660	0.04267	0.00971
Arthir7621	0.01288	0.03205	0.01848
Arthir7633	0.01733	0.02988	0.01899
Arthir7715	0.01377	0.03840	0.02776
Arthir7721	0.00921	0.02582	0.01504
Arthir7731	0.03250	0.02780	0.02493
Arthir7733	0.02637	0.02605	0.01257
Arthir7736	0.02431	0.02019	0.03410
Arthir7738	0.02390	0.03578	0.03565
Arthir7739	0.01564	0.03544	0.04471
Arthir7742	0.02969	0.04565	0.06007
Arthir7757	0.02316	0.03149	0.03198
Arthir7825	0.02262	0.02284	0.02958
Arthir7837	0.06421	0.02237	0.04374
Arthir7868	0.03959	0.05718	0.16945
Arthir7883	0.03270	0.03857	0.03756
Arthir8056	0.02013	0.04505	0.06458
Arthir8067	0.03733	0.02452	0.01156
Arthir8088	0.03108	0.03912	0.02412
Arthir8089	0.02372	0.02331	0.03069
Arthir8095	0.01344	0.04181	0.02429
Arthir8119	0.01984	0.02353	0.02557
Arthir8137	0.01015	0.03710	0.03631
Arthir8176	0.00418	0.23287	0.03929
Arthir8217	0.05041	0.06300	0.02939
Arthir8243	0.03077	0.04048	0.04166
Arthir8255	0.07866	0.03316	0.03164
Arthir8270	0.02563	0.03394	0.01791
Arthir8276	0.02854	0.02331	0.02623
Arthir8279	0.02555	0.02742	0.03473
Arthir8290	0.02647	0.02616	0.01949
Arthir8291	0.03470	0.05597	0.04292
Arthir8314	0.03441	0.11829	0.03013
Arthir8347	1.00450	0.09452	1.16259
Arthir8348	0.02445	0.03204	0.02501
Arthir8369	0.02290	0.03636	0.03022
Arthir8408	0.02339	0.09505	0.01841
Arthir8446	0.03118	0.02725	0.02189
Arthir8451	0.04346	0.02208	0.04731
Arthir8535	0.04201	0.02915	0.02698
Arthir8538	0.03801	0.03722	0.04217
Arthir8555	0.30797	0.01425	0.02212
Arthir8575	0.01246	0.01747	0.02301
Arthir8624	0.04050	0.05845	0.05356
Arthir8692	0.03227	0.03661	0.02914
Arthir8695	0.01673	0.30881	0.02027
Arthir8721	0.03725	0.06426	0.02336
Arthir8722	0.03603	0.04319	0.05680
Arthir8739	0.02726	0.02404	0.02946
Arthir8744	0.03248	0.05613	0.07930
Arthir8762	0.02540	0.02906	0.02256
Arthir8767	0.03075	0.05072	0.04490
Arthir8820	0.02700	0.04386	0.01518
Arthir8890	0.03186	0.02655	0.18490
Arthir8898	0.02807	0.04146	0.03562
Arthir8913	0.02374	0.03885	0.02969
Arthir8936	0.02814	0.03059	0.01777
Arthir8946	0.02943	0.02928	0.01024
Arthir8947	0.05292	0.14192	0.01384
Arthir8949	0.02276	0.04318	0.05077
Arthir9039	0.02979	0.02938	0.00000
Arthir9047	0.01174	0.02825	0.01878
Arthir9061	0.04048	0.03505	0.02749
Arthir9064	0.02360	0.03317	0.02621
Arthir9146	0.29698	0.03333	0.07442
Arthir9223	0.01032	0.03417	0.01473
Arthir9302	0.01801	0.03020	0.02673
Arthir9310	0.04806	0.04362	0.02445
Arthir9347	0.04537	0.03813	0.04838
Arthir9363	0.03094	0.01701	0.01592
Arthir9417	0.04660	0.03668	0.02411
Arthir941	0.03490	0.02433	0.02008
Arthir9488	0.01622	0.01706	0.03104
Arthir9539	0.01604	0.03769	0.02873
Arthir9544	0.00000	0.03278	0.23166
Arthir9600	0.03033	0.03352	0.04144
Arthir9601	0.01660	0.02636	0.01943
Arthir9605	0.00676	0.27958	0.01708
Arthir9617	0.03781	0.04428	0.01905
Arthir9747	0.01116	0.03491	0.02999
Arthir9775	0.01462	0.01442	0.04611
Arthir9791	0.01423	0.02456	0.01603
Arthir9798	0.01957	0.02309	0.03196
Arthir9810	0.01659	0.02511	0.04319
Arthir987	0.03426	0.04683	0.03070
Arthir9964	0.01343	0.01912	0.02578
Arthir9970	0.01576	0.02750	0.03124
Arthir9984	0.02031	0.03754	0.02817
